0.1 1
0.13 0.96
0.2 0.95
0.25 0.94
0.3 0.9
0.4 0.83
0.5 0.78
0.6 0.77
0.7 0.76
0.8 0.72
0.9 0.64
1 0.56
1.1 0.52
1.16 0.51
1.2 0.53
1.21 0.55
1.19 0.58
1.15 0.6
1.1 0.66
1.07 0.74
1.1 0.74
1.2 0.76
1.3 0.78
1.4 0.79
1.5 0.82
1.6 0.83
1.7 0.85
1.8 0.88
1.9 0.9
2 0.93
2.1 0.95
2.13 0.95
2.15 0.94
2.2 0.91
2.25 0.88
2.3 0.85
2.4 0.8
2.47 0.796
2.45 0.82
2.4 0.89
2.36 0.94
2.35 0.98
2.36 1.03
2.37 1.07
2.39 1.1
2.41 1.13
2.45 1.19
2.46 1.2
2.45 1.21
2.42 1.205
2.4 1.2
2.3 1.16
2.2 1.09
2.16 1.06
2.13 1.05
2.1 1.06
2 1.07
1.9 1.1
1.8 1.13
1.7 1.15
1.6 1.17
1.5 1.19
1.4 1.21
1.3 1.23
1.2 1.24
1.1 1.26
1.06 1.261
1.07 1.3
1.11 1.36
1.16 1.4
1.2 1.43
1.21 1.44
1.2 1.47
1.16 1.49
1.12 1.48
1.05 1.46
1 1.43
0.9 1.36
0.8 1.28
0.7 1.24
0.6 1.23
0.5 1.22
0.4 1.18
0.3 1.1
0.25 1.06
0.2 1.05
0.13 1.04
